 87.40
843.92
 90.59
 80.62
132.49
133.14
134.95
142.77
131.82
124.20
159.37
132.14
145.15
735.36
125.22
 90.61
 71.56
 93.01
112.62
116.99
504.26
115.97
113.38
103.83
112.52
574.00
 85.46
 73.22
 95.44
 63.81
110.66
110.53
 61.49
106.59
113.48
 95.51
 64.57
735.86
102.73
101.94
115.53
309.51
 91.11
108.90
108.40
 93.63
108.77
 67.41
116.77
671.30
 94.87
118.12
 97.03
110.66
120.27
124.58
 86.89
107.20
111.33
105.26
 68.46
718.17
 89.55
 66.04
477.52
290.00
 77.18
327.43
 78.98
122.87
 67.00
583.91
138.92
575.84
177.24
 67.16
 61.70
 90.35
111.20
117.30
129.60
128.63
 91.46
117.20
 90.18
665.31
112.99
123.86
375.73
103.17
 89.09
135.24
125.24
 88.88
 80.47
 81.15
125.84
867.85
107.67
 90.76
 88.12
 86.00
133.64
126.05
125.08
121.50
 86.29
 44.28
 94.03
931.13
 78.06
259.63
 61.64
 48.92
570.70
2195.95
122.76
 52.78
 83.68
175.68
 51.50
575.24
 72.83
157.55
 54.67
163.74
 54.29
 58.78
 49.50
159.63
 55.69
 65.63
 95.45
966.14
 85.45
 51.69
 71.44
 43.63
 46.97
121.06
 68.41
106.35
 79.02
148.66
146.57
820.05
100.16
121.59
 85.31
 54.15
 52.30
115.00
 73.91
100.33
101.83
 98.54
 74.93
553.13
 76.01
 47.50
 73.74
 76.61
 92.72
244.47
 57.36
 57.79
 52.07
 51.71
 52.31
715.27
 74.89
 48.55
110.85
100.48
 79.06
124.93
105.99
118.46
 82.92
117.51
119.12
816.21
111.13
106.22
 96.69
 99.64
 86.59
 94.61
3960.14
2465.03
268.49
140.03
183.03
921.08
219.04
150.49
186.63
194.73
192.60
928.22
259.61
1570.79
4965.12
2312.79
129.81
639.58
 54.35
 45.11
 45.97
 47.11
 44.16
 51.66
 72.60
 46.34
 44.02
 44.01
 43.43
526.32
 55.44
 44.31
 48.08
 43.91
 47.02
 53.47
 43.96
 44.72
159.19
 49.16
 73.35
2124.32
131.34
 52.38
 48.39
 54.87
 51.64
102.88
 47.84
 53.58
147.62
 54.85
 51.57
588.28
 69.23
 75.12
 52.20
 75.51
 80.33
 82.16
 49.15
 80.14
 49.66
 81.29
165.05
572.85
 70.83
 75.66
 92.66
 52.62
 53.83
 64.10
 77.87
 50.90
 68.07
170.56
 59.49
618.12
107.64
 64.71
 93.12
 87.96
 58.73
 62.93
 86.46
 61.70
 56.36
 63.37
 72.12
794.11
128.18
 86.29
 63.62
 64.64
 88.77
 69.91
190.14
 80.38
 65.68
 68.37
 67.67
702.24
323.44
 78.47
 70.94
111.57
 63.85
 82.38
 81.57
 64.31
 74.02
 64.45
 67.63
708.98
117.55
 84.00
 64.05
 72.17
 93.03
 99.00
 95.48
 66.66
308.62
 94.86
 75.63
609.14
102.59
 94.08
 69.01
 65.69
 67.70
 72.51
107.71
 71.25
 72.49
 71.18
159.94
581.21
 87.36
257.16
162.94
 89.16
107.54
124.45
 73.40
 73.59
 94.20
 92.84
117.26
615.60
 88.26
 62.47
 62.76
 66.07
106.40
 67.88
102.37
 98.23
 90.05
143.92
 65.97
593.74
 98.72
 90.10
 58.50
114.94
122.59
109.44
125.02
 62.92
 91.04
 73.84
631.69
869.20
 95.44
 62.42
 64.94
 68.53
 98.70
122.37
 99.11
 64.23
 68.58
110.42
 95.65
587.25
 90.09
 67.94
 60.10
142.82
222.36
 74.19
 58.43
179.70
 65.41
 65.16
103.25
886.33
139.27
 84.71
131.72
131.09
111.91
208.99
 92.49
137.47
 89.12
 82.18
 98.52
696.74
 80.75
 59.94
139.14
 57.05
 53.69
 63.24
 56.59
 57.22
 59.55
 85.46
170.01
859.88
284.46
 61.28
 57.01
166.10
102.71
 68.81
 81.74
 54.81
 99.55
231.12
 57.64
614.81
 72.23
 99.38
 65.18
102.38
 59.40
 61.60
 87.43
 60.85
100.54
 77.77
102.15
742.93
 88.99
113.06
 66.05
 66.74
106.41
107.86
 74.19
118.30
122.40
 71.06
 90.07
690.99
 77.89
 53.82
 54.14
 57.00
 54.58
 86.85
 52.53
 75.33
 49.56
 77.22
 51.29
543.78
 64.11
 48.71
 49.07
 47.02
 45.80
 54.96
 50.53
 47.81
 46.04
 47.96
 46.64
680.84
 69.64
 47.58
 46.27
 46.80
 46.22
 56.48
4078.07
2263.82
343.40
143.64
175.22
676.36
182.90
168.05
166.24
158.28
174.42
947.15
222.11
1464.12
4585.46
2735.37
127.83
859.25
 64.24
 44.38
 47.81
 47.82
 47.45
 53.97
 45.78
 45.30
 46.77
 45.99
 43.44
546.87
 60.86
 50.02
 44.87
 45.67
 44.18
 53.45
 53.07
 51.49
 57.32
 57.58
 53.63
2032.36
121.76
 60.72
 51.91
 53.75
 54.18
 78.11
 51.09
 52.54
 59.37
 51.46
161.49
578.23
 71.05
 53.28
 55.17
 47.65
 50.95
 61.37
 57.74
173.76
 60.85
 83.49
 91.79
719.62
 91.01
 56.86
 91.39
 61.81
 62.14
 90.68
 52.59
 52.21
 54.77
 53.78
 52.28
819.70
107.89
 54.46
 72.73
123.39
 81.16
 91.63
 85.11
 86.34
 82.52
114.38
 80.45
678.84
104.23
 72.76
 76.13
 67.59
 80.93
 88.24
 89.34
290.66
 99.66
 87.86
